31.189580 11.764323 0.308703 2.263694 1.846517 3.514550 0.554865
32.588919 10.557899 0.378052 2.486108 0.065039 3.468889 0.552145
32.079102 11.812559 0.448913 2.068371 2.853186 3.738923 0.626907
33.527317 10.616684 0.314521 2.318346 -0.015038 3.395902 0.430008
34.985853 7.797190 0.319924 2.449637 0.797270 3.472679 0.306466
33.364984 10.965593 0.453209 2.808944 -0.404625 4.164341 0.397238
31.715910 9.548441 0.463347 2.771223 2.998771 4.070483 0.590728
32.474976 11.752060 0.445037 1.331712 2.904655 4.325306 0.462528
36.343230 10.923098 0.321047 2.138781 2.467584 4.535766 0.415086
39.973077 11.476375 0.452780 2.647991 -0.411234 4.775192 0.533311
31.816013 11.131291 0.394867 2.839057 -0.059896 4.384855 0.457936
33.066974 9.024535 0.473688 2.926381 2.882689 3.908445 0.506089
33.963444 11.585867 0.472233 2.557053 2.059561 4.977257 0.520737
37.890265 11.002617 0.433164 1.813384 -0.782466 4.334978 0.321420
30.428379 10.588394 0.368646 2.691924 0.509626 3.836170 0.394795
31.917274 11.011289 0.386586 2.612992 0.919433 3.386628 0.737880
32.912379 11.511227 0.367166 2.672177 2.931797 4.871780 0.608489
30.870473 10.978276 0.300088 1.841241 1.546684 3.742094 0.412360
38.065503 9.292273 0.424242 2.658191 0.462277 4.383032 0.384913
35.479221 10.552305 0.346708 1.780350 1.721451 4.158785 0.370880
31.338818 11.897288 0.363183 1.821226 2.604134 4.574110 0.452635
34.528714 11.404316 0.324260 2.634128 1.688767 4.735930 0.541864
30.866574 11.515991 0.464285 2.916520 1.964853 4.794609 0.560932
35.640124 11.711521 0.393556 2.703108 1.874355 4.484510 0.386714
32.367874 11.205144 0.292737 2.882538 -0.988410 4.386544 0.473993
30.317869 11.102824 0.345480 1.857335 -0.068383 3.531313 0.383207
33.784832 7.872992 0.447115 2.992517 2.281219 3.792197 0.416687
35.302737 11.300539 0.436153 2.908044 2.826797 4.556191 0.480030
38.581111 10.937249 0.375891 1.757955 0.775335 3.928412 0.427541
30.733235 10.660691 0.309794 2.073674 2.351590 3.563838 0.689348
