k    | x                                | f(x)   | delta  | target_acc | ||~g|| | f_evals | success | msg
   0 | [1.0]                            |   1.00 | 1.0000 |     1.0000 |  -1.00 |       1 |       0 | 
   1 | [-0.5]                           |   1.00 | 1.0000 |     1.0000 |   3.00 |       2 |       0 | line search success
   2 | [-0.5]                           |   0.25 | 0.5000 |     1.0000 |   0.00 |       3 |       0 | 2b triggered
   3 | [0.0]                            |   0.25 | 0.5000 |     1.0000 |   0.50 |       4 |       0 | line search success
   4 | [0.0]                            |   0.00 | 0.5000 |     0.5000 |   0.50 |       4 |       0 | line search failure
   5 | [0.0]                            |   0.00 | 0.2500 |     0.5000 |   0.50 |       4 |       0 | 2b triggered
   6 | [0.0]                            |   0.00 | 0.1250 |     0.5000 |   0.25 |       5 |       0 | 2b triggered
   7 | [0.0]                            |   0.00 | 0.0625 |     0.5000 |   0.12 |       6 |       0 | 2b triggered
   8 | [0.0]                            |   0.00 | 0.0312 |     0.5000 |   0.06 |       7 |       0 | 2b triggered
   9 | [0.0]                            |   0.00 | 0.0156 |     0.5000 |   0.03 |       8 |       0 | 2b triggered
  10 | [0.0]                            |   0.00 | 0.0078 |     0.5000 |   0.02 |       9 |       0 | 2b triggered
  11 | [0.0]                            |   0.00 | 0.0039 |     0.5000 |   0.01 |      10 |       0 | 2b triggered
  12 | [0.0]                            |   0.00 | 0.0020 |     0.5000 |   0.00 |      11 |       0 | 2b triggered
  13 | [0.0]                            |   0.00 | 0.0010 |     0.5000 |   0.00 |      12 |       0 | 2b triggered
  14 | [0.0]                            |   0.00 | 0.0005 |     0.5000 |   0.00 |      13 |       0 | 2b triggered
  15 | [0.0]                            |   0.00 | 0.0002 |     0.5000 |   0.00 |      14 |       0 | 2b triggered
  16 | [0.0]                            |   0.00 | 0.0001 |     0.5000 |   0.00 |      15 |       0 | 2b triggered
  17 | [0.0]                            |   0.00 | 0.0001 |     0.5000 |   0.00 |      16 |       0 | 2b triggered
  17 | [0.0]                            |   0.00 | 0.0001 |     0.5000 |   0.00 |      17 |       1 | declared success in step 2a and terminated
